Check the Jacobi Rotation Algorithm

Matrix 1:
1,2
2,1

Expected Eigenvalues: 3, -1

Diagonalized:
-1,0
0,3

Matrix 1:
1,2,2
2,1,2
2,2,1

Expected Eigenvalues: 5, -1, -1

Diagonalized:
-1,0,0
0,5,4.44089e-16
0,3.88578e-16,-1

Matrix 1:
1,2,2,2,2,2,2,2,2,2
2,1,2,2,2,2,2,2,2,2
2,2,1,2,2,2,2,2,2,2
2,2,2,1,2,2,2,2,2,2
2,2,2,2,1,2,2,2,2,2
2,2,2,2,2,1,2,2,2,2
2,2,2,2,2,2,1,2,2,2
2,2,2,2,2,2,2,1,2,2
2,2,2,2,2,2,2,2,1,2
2,2,2,2,2,2,2,2,2,1

Expected Eigenvalues: 19 and nine -1's

Diagonalized:
-1,0,0,0,0,0,0,0,0,0
0,19,7.34754e-16,-1.54477e-15,0,6.8798e-16,0,-1.40433e-16,-9.83033e-16,-8.88178e-16
0,7.0435e-16,-1,-1.99276e-18,-1.54359e-18,-1.26033e-18,-1.06518e-18,-9.22469e-19,-8.13541e-19,-7.27653e-19
0,-1.47455e-15,-2.97483e-17,-1,-4.46856e-16,-3.64857e-16,-3.0836e-16,-2.67048e-16,-2.35514e-16,-2.1065e-16
0,2.35514e-16,-2.3043e-17,-3.97205e-16,-1,-1.35974e-16,-1.14919e-16,-9.95228e-17,-8.77708e-17,-7.85046e-17
0,8.59975e-17,-1.88145e-17,-3.24317e-16,0,-1,-4.19625e-17,-3.63406e-17,-3.20494e-17,-2.86658e-17
0,4.17996e-16,-1.59012e-17,-2.74098e-16,0,-3.357e-16,-1,-1.76635e-16,-1.55778e-16,-1.39332e-16
0,-4.1132e-17,-1.37708e-17,-2.37376e-16,0,-2.90725e-16,0,-1,-2.46353e-16,-2.20345e-16
0,2.28204e-16,-1.21447e-17,-2.09346e-16,0,-2.56395e-16,0,-2.09346e-16,-1,-5.44179e-16
0,-5.55112e-17,-1.08626e-17,-1.87244e-16,0,-2.29327e-16,0,-1.87244e-16,-1.40433e-16,-1

Matrix 1:
1,2,2,2,2,2,2,2,2,2
2,1,1,1,1,1,1,1,1,1
2,1,1,0.666667,0.666667,0.666667,0.666667,0.666667,0.666667,0.666667
2,1,0.666667,1,0.5,0.5,0.5,0.5,0.5,0.5
2,1,0.666667,0.5,1,0.4,0.4,0.4,0.4,0.4
2,1,0.666667,0.5,0.4,1,0.333333,0.333333,0.333333,0.333333
2,1,0.666667,0.5,0.4,0.333333,1,0.285714,0.285714,0.285714
2,1,0.666667,0.5,0.4,0.333333,0.285714,1,0.25,0.25
2,1,0.666667,0.5,0.4,0.333333,0.285714,0.25,1,0.222222
2,1,0.666667,0.5,0.4,0.333333,0.285714,0.25,0.222222,1

Expected Eigenvalues: 9.8166, -3.36209, 0.777778, 0.742703, 0.694927, 0.617823, 0.579657, -0.420483, 0.4059, 0.147189

Diagonalized:
-3.35151,-2.92252e-06,-2.71051e-20,-1.07488e-07,-4.1432e-05,1.40415e-08,-3.20837e-06,2.42596e-05,4.10177e-07,3.38566e-06
-2.92252e-06,9.82981,-6.03447e-05,7.0758e-08,9.38367e-06,-3.1028e-06,-1.64428e-08,-2.79705e-05,5.71088e-06,8.05531e-08
-1.10348e-16,-6.03447e-05,-0.417782,-6.90441e-07,-8.37415e-09,-3.27156e-08,-4.17215e-06,-3.47762e-08,1.2403e-05,-6.01637e-05
-1.07488e-07,7.0758e-08,-6.90441e-07,0.147191,-1.4755e-05,-6.65258e-10,0,-2.70983e-07,-8.64846e-05,-2.02394e-06
-4.1432e-05,9.38367e-06,-8.37414e-09,-1.4755e-05,0.542988,-8.54677e-06,-3.13872e-05,-3.95955e-05,-1.70623e-07,1.32988e-08
1.40415e-08,-3.1028e-06,-3.27156e-08,-6.65258e-10,-8.54677e-06,0.633325,-7.51146e-07,-1.08177e-09,5.04349e-07,1.56947e-06
-3.20837e-06,-1.64428e-08,-4.17215e-06,-3.74592e-17,-3.13872e-05,-7.51146e-07,0.400787,-1.64633e-08,5.29016e-06,-8.67032e-06
2.42596e-05,-2.79705e-05,-3.47762e-08,-2.70983e-07,-3.95955e-05,-1.08177e-09,-1.64633e-08,0.695725,8.8331e-10,3.17166e-07
4.10177e-07,5.71088e-06,1.2403e-05,-8.64846e-05,-1.70623e-07,5.04349e-07,5.29016e-06,8.8331e-10,0.741685,4.33681e-19
3.38566e-06,8.05531e-08,-6.01637e-05,-2.02394e-06,1.32988e-08,1.56947e-06,-8.67032e-06,3.17166e-07,1.63931e-16,0.777778
Eigenvalues:
     -3.35151     9.82981     -0.417782     0.147191     0.542988     0.633325     0.400787     0.695725     0.741685     0.777778